00000010
10011111
01100000
00100000
00000010
10011111
01100000
00100010
00000010
10011111
01100000
00011000
00000010
10011111
01100000
00011010
00000010
10011111
01100000
00100101
00000010
10011111
01100000
00100100
00000010
10011111
01100000
00101010
00000000
00000000
00000000
00000000
00100010
10001100
00000000
00011111
00110110
10001100
00000000
00011111
00110010
10001100
00000000
00011111
10001101
10010100
00000000
00011111
10101101
10010100
00000000
00011111
00101010
10001100
00000000
00011111
00010001
10010100
00000000
00011111
00010101
10010100
00000000
00011111
00011101
10000000
00000000
00011111
00000000
00000000
00000000
00000000
00001000
00000000
00000100
11000110
00101010
10001100
00000000
00011111
00010001
10010100
00000000
00011111
00010101
10010100
00000000
00011111
00011101
10000000
00000000
00011111
00000000
00000000
00000000
00000000
00001000
00000000
00000100
11000110
00101010
10001100
00000000
00011111
00010001
10010100
00000000
00011111
00010101
10010100
00000000
00011111
00011101
10000000
00000000
00011111
00000000
00000000
00000000
00000000
00001000
00000000
00000100
11000110
00101010
10001100
00000000
00011111
00010001
10010100
00000000
00011111
00010101
10010100
00000000
00011111
00011101
10000000
00000000
00011111
00000000
00000000
00000000
00000000
00001000
00000000
00000100
11000110